proj:       1
zone:       19
north:      2176246.9525769
south:      2131292.4179331
east:       261029.46202341
west:       230184.72699659
cols:       348
rows:       507
e-w resol:  88.63429605
n-s resol:  88.66772119
format:     -1
compressed: 5
