proj:       1
zone:       19
north:      2177222.29751
south:      2130317.073
east:       262004.43928
west:       229209.74974
cols:       370
rows:       529
e-w resol:  88.63429605
n-s resol:  88.66772119
format:     0
compressed: 5
