proj:       1
zone:       19
north:      2177190
south:      2130390
east:       261990
west:       229230
cols:       364
rows:       520
e-w resol:  90
n-s resol:  90
top:        1.000000000000000
bottom:     0.000000000000000
cols3:      364
rows3:      520
depths:     1
e-w resol3: 90
n-s resol3: 90
t-b resol:  1
